ý
2345
1 9031234567
+ 9031234567
8 9031234+67
8 9-31234567
8 ( 03)1234567
8 903 12 3 4 5 67
8 903 12 3 45 6 7
+79 03 12 3 45 67
1-2-3-4567
1 2 3 4 5 6 7
8 903 123 45 67 21 67
890312345672167
890312345672
+89031234567
890312- 345672
8)903(12345672
031234567
(903))12345672
8 9031234567
8 903 1234567
8 903 123456 7
8 903 12345 67
8 903 1234 567
8 903 1234 56 7
8 903 1234 5 67
8 903 123 4567
8 903 123 456 7
8 903 123 45 67
8 903 123 4 567
8 903 123 4 56 7
8 903 12 34567
8 903 12 3456 7
8 903 12 345 67
8 903 12 34 567
8 903 12 34 56 7
8 903 12 34 5 67
8 903 12 3 4567
8 903 12 3 456 7
8 903 12 3 45 67
8 903 1 234567
8 903 1 23456 7
8 903 1 2345 67
8 903 1 234 567
8 903 1 234 56 7
8 903 1 234 5 67
8 903 1 23 4567
8 903 1 23 456 7
8 903 1 23 45 67
8 903 1 23 4 567
8 903 1 23 4 56 7
8-9031234567
8-903-1234567
8-903-123456-7
8-903-12345-67
8-903-1234-567
8-903-1234-56-7
8-903-1234-5-67
8-903-123-4567
8-903-123-456-7
8-903-123-45-67
8-903-123-4-567
8-903-123-4-56-7
8-903-12-34567
8-903-12-3456-7
8-903-12-345-67
8-903-12-34-567
8-903-12-34-56-7
8-903-12-34-5-67
8-903-12-3-4567
8-903-12-3-456-7
8-903-12-3-45-67
8-903-1-234567
8-903-1-23456-7
8-903-1-2345-67
8-903-1-234-567
8-903-1-234-56-7
8-903-1-234-5-67
8-903-1-23-4567
8-903-1-23-456-7
8-903-1-23-45-67
8-903-1-23-4-567
8-903-1-23-4-56-7
89031234567
8903 1234567
8903 123456 7
8903 12345 67
8903 1234 567
8903 1234 56 7
8903 1234 5 67
8903 123 4567
8903 123 456 7
8903 123 45 67
8903 123 4 567
8903 123 4 56 7
8903 12 34567
8903 12 3456 7
8903 12 345 67
8903 12 34 567
8903 12 34 56 7
8903 12 34 5 67
8903 12 3 4567
8903 12 3 456 7
8903 12 3 45 67
8903 1 234567
8903 1 23456 7
8903 1 2345 67
8903 1 234 567
8903 1 234 56 7
8903 1 234 5 67
8903 1 23 4567
8903 1 23 456 7
8903 1 23 45 67
8903 1 23 4 567
8903 1 23 4 56 7
8903-1234567
8903-123456-7
8903-12345-67
8903-1234-567
8903-1234-56-7
8903-1234-5-67
8903-123-4567
8903-123-456-7
8903-123-45-67
8903-123-4-567
8903-123-4-56-7
8903-12-34567
8903-12-3456-7
8903-12-345-67
8903-12-34-567
8903-12-34-56-7
8903-12-34-5-67
8903-12-3-4567
8903-12-3-456-7
8903-12-3-45-67
8903-1-234567
8903-1-23456-7
8903-1-2345-67
8903-1-234-567
8903-1-234-56-7
8903-1-234-5-67
8903-1-23-4567
8903-1-23-456-7
8903-1-23-45-67
8903-1-23-4-567
8903-1-23-4-56-7
8 (903) 1234567
8 (903) 123456 7
8 (903) 12345 67
8 (903) 1234 567
8 (903) 1234 56 7
8 (903) 1234 5 67
8 (903) 123 4567
8 (903) 123 456 7
8 (903) 123 45 67
8 (903) 123 4 567
8 (903) 123 4 56 7
8 (903) 12 34567
8 (903) 12 3456 7
8 (903) 12 345 67
8 (903) 12 34 567
8 (903) 12 34 56 7
8 (903) 12 34 5 67
8 (903) 12 3 4567
8 (903) 12 3 456 7
8 (903) 12 3 45 67
8 (903) 1 234567
8 (903) 1 23456 7
8 (903) 1 2345 67
8 (903) 1 234 567
8 (903) 1 234 56 7
8 (903) 1 234 5 67
8 (903) 1 23 4567
8 (903) 1 23 456 7
8 (903) 1 23 45 67
8 (903) 1 23 4 567
8 (903) 1 23 4 56 7
8 (903)1234567
8 (903)123456 7
8 (903)12345 67
8 (903)1234 567
8 (903)1234 56 7
8 (903)1234 5 67
8 (903)123 4567
8 (903)123 456 7
8 (903)123 45 67
8 (903)123 4 567
8 (903)123 4 56 7
8 (903)12 34567
8 (903)12 3456 7
8 (903)12 345 67
8 (903)12 34 567
8 (903)12 34 56 7
8 (903)12 34 5 67
8 (903)12 3 4567
8 (903)12 3 456 7
8 (903)12 3 45 67
8 (903)1 234567
8 (903)1 23456 7
8 (903)1 2345 67
8 (903)1 234 567
8 (903)1 234 56 7
8 (903)1 234 5 67
8 (903)1 23 4567
8 (903)1 23 456 7
8 (903)1 23 45 67
8 (903)1 23 4 567
8 (903)1 23 4 56 7
8(903)1234567
8(903)123456 7
8(903)12345 67
8(903)1234 567
8(903)1234 56 7
8(903)1234 5 67
8(903)123 4567
8(903)123 456 7
8(903)123 45 67
8(903)123 4 567
8(903)123 4 56 7
8(903)12 34567
8(903)12 3456 7
8(903)12 345 67
8(903)12 34 567
8(903)12 34 56 7
8(903)12 34 5 67
8(903)12 3 4567
8(903)12 3 456 7
8(903)12 3 45 67
8(903)1 234567
8(903)1 23456 7
8(903)1 2345 67
8(903)1 234 567
8(903)1 234 56 7
8(903)1 234 5 67
8(903)1 23 4567
8(903)1 23 456 7
8(903)1 23 45 67
8(903)1 23 4 567
8(903)1 23 4 56 7
8(903) 1234567
8(903) 123456 7
8(903) 12345 67
8(903) 1234 567
8(903) 1234 56 7
8(903) 1234 5 67
8(903) 123 4567
8(903) 123 456 7
8(903) 123 45 67
8(903) 123 4 567
8(903) 123 4 56 7
8(903) 12 34567
8(903) 12 3456 7
8(903) 12 345 67
8(903) 12 34 567
8(903) 12 34 56 7
8(903) 12 34 5 67
8(903) 12 3 4567
8(903) 12 3 456 7
8(903) 12 3 45 67
8(903) 1 234567
8(903) 1 23456 7
8(903) 1 2345 67
8(903) 1 234 567
8(903) 1 234 56 7
8(903) 1 234 5 67
8(903) 1 23 4567
8(903) 1 23 456 7
8(903) 1 23 45 67
8(903) 1 23 4 567
8(903) 1 23 4 56 7
8-(903)-1234567
8-(903)-123456-7
8-(903)-12345-67
8-(903)-1234-567
8-(903)-1234-56-7
8-(903)-1234-5-67
8-(903)-123-4567
8-(903)-123-456-7
8-(903)-123-45-67
8-(903)-123-4-567
8-(903)-123-4-56-7
8-(903)-12-34567
8-(903)-12-3456-7
8-(903)-12-345-67
8-(903)-12-34-567
8-(903)-12-34-56-7
8-(903)-12-34-5-67
8-(903)-12-3-4567
8-(903)-12-3-456-7
8-(903)-12-3-45-67
8-(903)-1-234567
8-(903)-1-23456-7
8-(903)-1-2345-67
8-(903)-1-234-567
8-(903)-1-234-56-7
8-(903)-1-234-5-67
8-(903)-1-23-4567
8-(903)-1-23-456-7
8-(903)-1-23-45-67
8-(903)-1-23-4-567
8-(903)-1-23-4-56-7
8-(903)1234567
8-(903)123456-7
8-(903)12345-67
8-(903)1234-567
8-(903)1234-56-7
8-(903)1234-5-67
8-(903)123-4567
8-(903)123-456-7
8-(903)123-45-67
8-(903)123-4-567
8-(903)123-4-56-7
8-(903)12-34567
8-(903)12-3456-7
8-(903)12-345-67
8-(903)12-34-567
8-(903)12-34-56-7
8-(903)12-34-5-67
8-(903)12-3-4567
8-(903)12-3-456-7
8-(903)12-3-45-67
8-(903)1-234567
8-(903)1-23456-7
8-(903)1-2345-67
8-(903)1-234-567
8-(903)1-234-56-7
8-(903)1-234-5-67
8-(903)1-23-4567
8-(903)1-23-456-7
8-(903)1-23-45-67
8-(903)1-23-4-567
8-(903)1-23-4-56-7
8(903)123456-7
8(903)12345-67
8(903)1234-567
8(903)1234-56-7
8(903)1234-5-67
8(903)123-4567
8(903)123-456-7
8(903)123-45-67
8(903)123-4-567
8(903)123-4-56-7
8(903)12-34567
8(903)12-3456-7
8(903)12-345-67
8(903)12-34-567
8(903)12-34-56-7
8(903)12-34-5-67
8(903)12-3-4567
8(903)12-3-456-7
8(903)12-3-45-67
8(903)1-234567
8(903)1-23456-7
8(903)1-2345-67
8(903)1-234-567
8(903)1-234-56-7
8(903)1-234-5-67
8(903)1-23-4567
8(903)1-23-456-7
8(903)1-23-45-67
8(903)1-23-4-567
8(903)1-23-4-56-7
8(903)-1234567
8(903)-123456-7
8(903)-12345-67
8(903)-1234-567
8(903)-1234-56-7
8(903)-1234-5-67
8(903)-123-4567
8(903)-123-456-7
8(903)-123-45-67
8(903)-123-4-567
8(903)-123-4-56-7
8(903)-12-34567
8(903)-12-3456-7
8(903)-12-345-67
8(903)-12-34-567
8(903)-12-34-56-7
8(903)-12-34-5-67
8(903)-12-3-4567
8(903)-12-3-456-7
8(903)-12-3-45-67
8(903)-1-234567
8(903)-1-23456-7
8(903)-1-2345-67
8(903)-1-234-567
8(903)-1-234-56-7
8(903)-1-234-5-67
8(903)-1-23-4567
8(903)-1-23-456-7
8(903)-1-23-45-67
8(903)-1-23-4-567
8(903)-1-23-4-56-7
+7 9031234567
+7 903 1234567
+7 903 123456 7
+7 903 12345 67
+7 903 1234 567
+7 903 1234 56 7
+7 903 1234 5 67
+7 903 123 4567
+7 903 123 456 7
+7 903 123 45 67
+7 903 123 4 567
+7 903 123 4 56 7
+7 903 12 34567
+7 903 12 3456 7
+7 903 12 345 67
+7 903 12 34 567
+7 903 12 34 56 7
+7 903 12 34 5 67
+7 903 12 3 4567
+7 903 12 3 456 7
+7 903 12 3 45 67
+7 903 1 234567
+7 903 1 23456 7
+7 903 1 2345 67
+7 903 1 234 567
+7 903 1 234 56 7
+7 903 1 234 5 67
+7 903 1 23 4567
+7 903 1 23 456 7
+7 903 1 23 45 67
+7 903 1 23 4 567
+7 903 1 23 4 56 7
+7-9031234567
+7-903-1234567
+7-903-123456-7
+7-903-12345-67
+7-903-1234-567
+7-903-1234-56-7
+7-903-1234-5-67
+7-903-123-4567
+7-903-123-456-7
+7-903-123-45-67
+7-903-123-4-567
+7-903-123-4-56-7
+7-903-12-34567
+7-903-12-3456-7
+7-903-12-345-67
+7-903-12-34-567
+7-903-12-34-56-7
+7-903-12-34-5-67
+7-903-12-3-4567
+7-903-12-3-456-7
+7-903-12-3-45-67
+7-903-1-234567
+7-903-1-23456-7
+7-903-1-2345-67
+7-903-1-234-567
+7-903-1-234-56-7
+7-903-1-234-5-67
+7-903-1-23-4567
+7-903-1-23-456-7
+7-903-1-23-45-67
+7-903-1-23-4-567
+7-903-1-23-4-56-7
+79031234567
+7903 1234567
+7903 123456 7
+7903 12345 67
+7903 1234 567
+7903 1234 56 7
+7903 1234 5 67
+7903 123 4567
+7903 123 456 7
+7903 123 45 67
+7903 123 4 567
+7903 123 4 56 7
+7903 12 34567
+7903 12 3456 7
+7903 12 345 67
+7903 12 34 567
+7903 12 34 56 7
+7903 12 34 5 67
+7903 12 3 4567
+7903 12 3 456 7
+7903 12 3 45 67
+7903 1 234567
+7903 1 23456 7
+7903 1 2345 67
+7903 1 234 567
+7903 1 234 56 7
+7903 1 234 5 67
+7903 1 23 4567
+7903 1 23 456 7
+7903 1 23 45 67
+7903 1 23 4 567
+7903 1 23 4 56 7
+7903-1234567
+7903-123456-7
+7903-12345-67
+7903-1234-567
+7903-1234-56-7
+7903-1234-5-67
+7903-123-4567
+7903-123-456-7
+7903-123-45-67
+7903-123-4-567
+7903-123-4-56-7
+7903-12-34567
+7903-12-3456-7
+7903-12-345-67
+7903-12-34-567
+7903-12-34-56-7
+7903-12-34-5-67
+7903-12-3-4567
+7903-12-3-456-7
+7903-12-3-45-67
+7903-1-234567
+7903-1-23456-7
+7903-1-2345-67
+7903-1-234-567
+7903-1-234-56-7
+7903-1-234-5-67
+7903-1-23-4567
+7903-1-23-456-7
+7903-1-23-45-67
+7903-1-23-4-567
+7903-1-23-4-56-7
+7 (903) 1234567
+7 (903) 123456 7
+7 (903) 12345 67
+7 (903) 1234 567
+7 (903) 1234 56 7
+7 (903) 1234 5 67
+7 (903) 123 4567
+7 (903) 123 456 7
+7 (903) 123 45 67
+7 (903) 123 4 567
+7 (903) 123 4 56 7
+7 (903) 12 34567
+7 (903) 12 3456 7
+7 (903) 12 345 67
+7 (903) 12 34 567
+7 (903) 12 34 56 7
+7 (903) 12 34 5 67
+7 (903) 12 3 4567
+7 (903) 12 3 456 7
+7 (903) 12 3 45 67
+7 (903) 1 234567
+7 (903) 1 23456 7
+7 (903) 1 2345 67
+7 (903) 1 234 567
+7 (903) 1 234 56 7
+7 (903) 1 234 5 67
+7 (903) 1 23 4567
+7 (903) 1 23 456 7
+7 (903) 1 23 45 67
+7 (903) 1 23 4 567
+7 (903) 1 23 4 56 7
+7 (903)1234567
+7 (903)123456 7
+7 (903)12345 67
+7 (903)1234 567
+7 (903)1234 56 7
+7 (903)1234 5 67
+7 (903)123 4567
+7 (903)123 456 7
+7 (903)123 45 67
+7 (903)123 4 567
+7 (903)123 4 56 7
+7 (903)12 34567
+7 (903)12 3456 7
+7 (903)12 345 67
+7 (903)12 34 567
+7 (903)12 34 56 7
+7 (903)12 34 5 67
+7 (903)12 3 4567
+7 (903)12 3 456 7
+7 (903)12 3 45 67
+7 (903)1 234567
+7 (903)1 23456 7
+7 (903)1 2345 67
+7 (903)1 234 567
+7 (903)1 234 56 7
+7 (903)1 234 5 67
+7 (903)1 23 4567
+7 (903)1 23 456 7
+7 (903)1 23 45 67
+7 (903)1 23 4 567
+7 (903)1 23 4 56 7
+7(903)1234567
+7(903)123456 7
+7(903)12345 67
+7(903)1234 567
+7(903)1234 56 7
+7(903)1234 5 67
+7(903)123 4567
+7(903)123 456 7
+7(903)123 45 67
+7(903)123 4 567
+7(903)123 4 56 7
+7(903)12 34567
+7(903)12 3456 7
+7(903)12 345 67
+7(903)12 34 567
+7(903)12 34 56 7
+7(903)12 34 5 67
+7(903)12 3 4567
+7(903)12 3 456 7
+7(903)12 3 45 67
+7(903)1 234567
+7(903)1 23456 7
+7(903)1 2345 67
+7(903)1 234 567
+7(903)1 234 56 7
+7(903)1 234 5 67
+7(903)1 23 4567
+7(903)1 23 456 7
+7(903)1 23 45 67
+7(903)1 23 4 567
+7(903)1 23 4 56 7
+7(903) 1234567
+7(903) 123456 7
+7(903) 12345 67
+7(903) 1234 567
+7(903) 1234 56 7
+7(903) 1234 5 67
+7(903) 123 4567
+7(903) 123 456 7
+7(903) 123 45 67
+7(903) 123 4 567
+7(903) 123 4 56 7
+7(903) 12 34567
+7(903) 12 3456 7
+7(903) 12 345 67
+7(903) 12 34 567
+7(903) 12 34 56 7
+7(903) 12 34 5 67
+7(903) 12 3 4567
+7(903) 12 3 456 7
+7(903) 12 3 45 67
+7(903) 1 234567
+7(903) 1 23456 7
+7(903) 1 2345 67
+7(903) 1 234 567
+7(903) 1 234 56 7
+7(903) 1 234 5 67
+7(903) 1 23 4567
+7(903) 1 23 456 7
+7(903) 1 23 45 67
+7(903) 1 23 4 567
+7(903) 1 23 4 56 7
+7-(903)-1234567
+7-(903)-123456-7
+7-(903)-12345-67
+7-(903)-1234-567
+7-(903)-1234-56-7
+7-(903)-1234-5-67
+7-(903)-123-4567
+7-(903)-123-456-7
+7-(903)-123-45-67
+7-(903)-123-4-567
+7-(903)-123-4-56-7
+7-(903)-12-34567
+7-(903)-12-3456-7
+7-(903)-12-345-67
+7-(903)-12-34-567
+7-(903)-12-34-56-7
+7-(903)-12-34-5-67
+7-(903)-12-3-4567
+7-(903)-12-3-456-7
+7-(903)-12-3-45-67
+7-(903)-1-234567
+7-(903)-1-23456-7
+7-(903)-1-2345-67
+7-(903)-1-234-567
+7-(903)-1-234-56-7
+7-(903)-1-234-5-67
+7-(903)-1-23-4567
+7-(903)-1-23-456-7
+7-(903)-1-23-45-67
+7-(903)-1-23-4-567
+7-(903)-1-23-4-56-7
+7-(903)1234567
+7-(903)123456-7
+7-(903)12345-67
+7-(903)1234-567
+7-(903)1234-56-7
+7-(903)1234-5-67
+7-(903)123-4567
+7-(903)123-456-7
+7-(903)123-45-67
+7-(903)123-4-567
+7-(903)123-4-56-7
+7-(903)12-34567
+7-(903)12-3456-7
+7-(903)12-345-67
+7-(903)12-34-567
+7-(903)12-34-56-7
+7-(903)12-34-5-67
+7-(903)12-3-4567
+7-(903)12-3-456-7
+7-(903)12-3-45-67
+7-(903)1-234567
+7-(903)1-23456-7
+7-(903)1-2345-67
+7-(903)1-234-567
+7-(903)1-234-56-7
+7-(903)1-234-5-67
+7-(903)1-23-4567
+7-(903)1-23-456-7
+7-(903)1-23-45-67
+7-(903)1-23-4-567
+7-(903)1-23-4-56-7
+7(903)123456-7
+7(903)12345-67
+7(903)1234-567
+7(903)1234-56-7
+7(903)1234-5-67
+7(903)123-4567
+7(903)123-456-7
+7(903)123-45-67
+7(903)123-4-567
+7(903)123-4-56-7
+7(903)12-34567
+7(903)12-3456-7
+7(903)12-345-67
+7(903)12-34-567
+7(903)12-34-56-7
+7(903)12-34-5-67
+7(903)12-3-4567
+7(903)12-3-456-7
+7(903)12-3-45-67
+7(903)1-234567
+7(903)1-23456-7
+7(903)1-2345-67
+7(903)1-234-567
+7(903)1-234-56-7
+7(903)1-234-5-67
+7(903)1-23-4567
+7(903)1-23-456-7
+7(903)1-23-45-67
+7(903)1-23-4-567
+7(903)1-23-4-56-7
+7(903)-1234567
+7(903)-123456-7
+7(903)-12345-67
+7(903)-1234-567
+7(903)-1234-56-7
+7(903)-1234-5-67
+7(903)-123-4567
+7(903)-123-456-7
+7(903)-123-45-67
+7(903)-123-4-567
+7(903)-123-4-56-7
+7(903)-12-34567
+7(903)-12-3456-7
+7(903)-12-345-67
+7(903)-12-34-567
+7(903)-12-34-56-7
+7(903)-12-34-5-67
+7(903)-12-3-4567
+7(903)-12-3-456-7
+7(903)-12-3-45-67
+7(903)-1-234567
+7(903)-1-23456-7
+7(903)-1-2345-67
+7(903)-1-234-567
+7(903)-1-234-56-7
+7(903)-1-234-5-67
+7(903)-1-23-4567
+7(903)-1-23-456-7
+7(903)-1-23-45-67
+7(903)-1-23-4-567
+7(903)-1-23-4-56-7
7 9031234567
7 903 1234567
7 903 123456 7
7 903 12345 67
7 903 1234 567
7 903 1234 56 7
7 903 1234 5 67
7 903 123 4567
7 903 123 456 7
7 903 123 45 67
7 903 123 4 567
7 903 123 4 56 7
7 903 12 34567
7 903 12 3456 7
7 903 12 345 67
7 903 12 34 567
7 903 12 34 56 7
7 903 12 34 5 67
7 903 12 3 4567
7 903 12 3 456 7
7 903 12 3 45 67
7 903 1 234567
7 903 1 23456 7
7 903 1 2345 67
7 903 1 234 567
7 903 1 234 56 7
7 903 1 234 5 67
7 903 1 23 4567
7 903 1 23 456 7
7 903 1 23 45 67
7 903 1 23 4 567
7 903 1 23 4 56 7
7-9031234567
7-903-1234567
7-903-123456-7
7-903-12345-67
7-903-1234-567
7-903-1234-56-7
7-903-1234-5-67
7-903-123-4567
7-903-123-456-7
7-903-123-45-67
7-903-123-4-567
7-903-123-4-56-7
7-903-12-34567
7-903-12-3456-7
7-903-12-345-67
7-903-12-34-567
7-903-12-34-56-7
7-903-12-34-5-67
7-903-12-3-4567
7-903-12-3-456-7
7-903-12-3-45-67
7-903-1-234567
7-903-1-23456-7
7-903-1-2345-67
7-903-1-234-567
7-903-1-234-56-7
7-903-1-234-5-67
7-903-1-23-4567
7-903-1-23-456-7
7-903-1-23-45-67
7-903-1-23-4-567
7-903-1-23-4-56-7
79031234567
7903 1234567
7903 123456 7
7903 12345 67
7903 1234 567
7903 1234 56 7
7903 1234 5 67
7903 123 4567
7903 123 456 7
7903 123 45 67
7903 123 4 567
7903 123 4 56 7
7903 12 34567
7903 12 3456 7
7903 12 345 67
7903 12 34 567
7903 12 34 56 7
7903 12 34 5 67
7903 12 3 4567
7903 12 3 456 7
7903 12 3 45 67
7903 1 234567
7903 1 23456 7
7903 1 2345 67
7903 1 234 567
7903 1 234 56 7
7903 1 234 5 67
7903 1 23 4567
7903 1 23 456 7
7903 1 23 45 67
7903 1 23 4 567
7903 1 23 4 56 7
7903-1234567
7903-123456-7
7903-12345-67
7903-1234-567
7903-1234-56-7
7903-1234-5-67
7903-123-4567
7903-123-456-7
7903-123-45-67
7903-123-4-567
7903-123-4-56-7
7903-12-34567
7903-12-3456-7
7903-12-345-67
7903-12-34-567
7903-12-34-56-7
7903-12-34-5-67
7903-12-3-4567
7903-12-3-456-7
7903-12-3-45-67
7903-1-234567
7903-1-23456-7
7903-1-2345-67
7903-1-234-567
7903-1-234-56-7
7903-1-234-5-67
7903-1-23-4567
7903-1-23-456-7
7903-1-23-45-67
7903-1-23-4-567
7903-1-23-4-56-7
7 (903) 1234567
7 (903) 123456 7
7 (903) 12345 67
7 (903) 1234 567
7 (903) 1234 56 7
7 (903) 1234 5 67
7 (903) 123 4567
7 (903) 123 456 7
7 (903) 123 45 67
7 (903) 123 4 567
7 (903) 123 4 56 7
7 (903) 12 34567
7 (903) 12 3456 7
7 (903) 12 345 67
7 (903) 12 34 567
7 (903) 12 34 56 7
7 (903) 12 34 5 67
7 (903) 12 3 4567
7 (903) 12 3 456 7
7 (903) 12 3 45 67
7 (903) 1 234567
7 (903) 1 23456 7
7 (903) 1 2345 67
7 (903) 1 234 567
7 (903) 1 234 56 7
7 (903) 1 234 5 67
7 (903) 1 23 4567
7 (903) 1 23 456 7
7 (903) 1 23 45 67
7 (903) 1 23 4 567
7 (903) 1 23 4 56 7
7 (903)1234567
7 (903)123456 7
7 (903)12345 67
7 (903)1234 567
7 (903)1234 56 7
7 (903)1234 5 67
7 (903)123 4567
7 (903)123 456 7
7 (903)123 45 67
7 (903)123 4 567
7 (903)123 4 56 7
7 (903)12 34567
7 (903)12 3456 7
7 (903)12 345 67
7 (903)12 34 567
7 (903)12 34 56 7
7 (903)12 34 5 67
7 (903)12 3 4567
7 (903)12 3 456 7
7 (903)12 3 45 67
7 (903)1 234567
7 (903)1 23456 7
7 (903)1 2345 67
7 (903)1 234 567
7 (903)1 234 56 7
7 (903)1 234 5 67
7 (903)1 23 4567
7 (903)1 23 456 7
7 (903)1 23 45 67
7 (903)1 23 4 567
7 (903)1 23 4 56 7
7(903)1234567
7(903)123456 7
7(903)12345 67
7(903)1234 567
7(903)1234 56 7
7(903)1234 5 67
7(903)123 4567
7(903)123 456 7
7(903)123 45 67
7(903)123 4 567
7(903)123 4 56 7
7(903)12 34567
7(903)12 3456 7
7(903)12 345 67
7(903)12 34 567
7(903)12 34 56 7
7(903)12 34 5 67
7(903)12 3 4567
7(903)12 3 456 7
7(903)12 3 45 67
7(903)1 234567
7(903)1 23456 7
7(903)1 2345 67
7(903)1 234 567
7(903)1 234 56 7
7(903)1 234 5 67
7(903)1 23 4567
7(903)1 23 456 7
7(903)1 23 45 67
7(903)1 23 4 567
7(903)1 23 4 56 7
7(903) 1234567
7(903) 123456 7
7(903) 12345 67
7(903) 1234 567
7(903) 1234 56 7
7(903) 1234 5 67
7(903) 123 4567
7(903) 123 456 7
7(903) 123 45 67
7(903) 123 4 567
7(903) 123 4 56 7
7(903) 12 34567
7(903) 12 3456 7
7(903) 12 345 67
7(903) 12 34 567
7(903) 12 34 56 7
7(903) 12 34 5 67
7(903) 12 3 4567
7(903) 12 3 456 7
7(903) 12 3 45 67
7(903) 1 234567
7(903) 1 23456 7
7(903) 1 2345 67
7(903) 1 234 567
7(903) 1 234 56 7
7(903) 1 234 5 67
7(903) 1 23 4567
7(903) 1 23 456 7
7(903) 1 23 45 67
7(903) 1 23 4 567
7(903) 1 23 4 56 7
7-(903)-1234567
7-(903)-123456-7
7-(903)-12345-67
7-(903)-1234-567
7-(903)-1234-56-7
7-(903)-1234-5-67
7-(903)-123-4567
7-(903)-123-456-7
7-(903)-123-45-67
7-(903)-123-4-567
7-(903)-123-4-56-7
7-(903)-12-34567
7-(903)-12-3456-7
7-(903)-12-345-67
7-(903)-12-34-567
7-(903)-12-34-56-7
7-(903)-12-34-5-67
7-(903)-12-3-4567
7-(903)-12-3-456-7
7-(903)-12-3-45-67
7-(903)-1-234567
7-(903)-1-23456-7
7-(903)-1-2345-67
7-(903)-1-234-567
7-(903)-1-234-56-7
7-(903)-1-234-5-67
7-(903)-1-23-4567
7-(903)-1-23-456-7
7-(903)-1-23-45-67
7-(903)-1-23-4-567
7-(903)-1-23-4-56-7
7-(903)1234567
7-(903)123456-7
7-(903)12345-67
7-(903)1234-567
7-(903)1234-56-7
7-(903)1234-5-67
7-(903)123-4567
7-(903)123-456-7
7-(903)123-45-67
7-(903)123-4-567
7-(903)123-4-56-7
7-(903)12-34567
7-(903)12-3456-7
7-(903)12-345-67
7-(903)12-34-567
7-(903)12-34-56-7
7-(903)12-34-5-67
7-(903)12-3-4567
7-(903)12-3-456-7
7-(903)12-3-45-67
7-(903)1-234567
7-(903)1-23456-7
7-(903)1-2345-67
7-(903)1-234-567
7-(903)1-234-56-7
7-(903)1-234-5-67
7-(903)1-23-4567
7-(903)1-23-456-7
7-(903)1-23-45-67
7-(903)1-23-4-567
7-(903)1-23-4-56-7
7(903)123456-7
7(903)12345-67
7(903)1234-567
7(903)1234-56-7
7(903)1234-5-67
7(903)123-4567
7(903)123-456-7
7(903)123-45-67
7(903)123-4-567
7(903)123-4-56-7
7(903)12-34567
7(903)12-3456-7
7(903)12-345-67
7(903)12-34-567
7(903)12-34-56-7
7(903)12-34-5-67
7(903)12-3-4567
7(903)12-3-456-7
7(903)12-3-45-67
7(903)1-234567
7(903)1-23456-7
7(903)1-2345-67
7(903)1-234-567
7(903)1-234-56-7
7(903)1-234-5-67
7(903)1-23-4567
7(903)1-23-456-7
7(903)1-23-45-67
7(903)1-23-4-567
7(903)1-23-4-56-7
7(903)-1234567
7(903)-123456-7
7(903)-12345-67
7(903)-1234-567
7(903)-1234-56-7
7(903)-1234-5-67
7(903)-123-4567
7(903)-123-456-7
7(903)-123-45-67
7(903)-123-4-567
7(903)-123-4-56-7
7(903)-12-34567
7(903)-12-3456-7
7(903)-12-345-67
7(903)-12-34-567
7(903)-12-34-56-7
7(903)-12-34-5-67
7(903)-12-3-4567
7(903)-12-3-456-7
7(903)-12-3-45-67
7(903)-1-234567
7(903)-1-23456-7
7(903)-1-2345-67
7(903)-1-234-567
7(903)-1-234-56-7
7(903)-1-234-5-67
7(903)-1-23-4567
7(903)-1-23-456-7
7(903)-1-23-45-67
7(903)-1-23-4-567
7(903)-1-23-4-56-7
9031234567
903 1234567
903 123456 7
903 12345 67
903 1234 567
903 1234 56 7
903 1234 5 67
903 123 4567
903 123 456 7
903 123 45 67
903 123 4 567
903 123 4 56 7
903 12 34567
903 12 3456 7
903 12 345 67
903 12 34 567
903 12 34 56 7
903 12 34 5 67
903 12 3 4567
903 12 3 456 7
903 12 3 45 67
903 1 234567
903 1 23456 7
903 1 2345 67
903 1 234 567
903 1 234 56 7
903 1 234 5 67
903 1 23 4567
903 1 23 456 7
903 1 23 45 67
903 1 23 4 567
903 1 23 4 56 7
903-1234567
903-123456-7
903-12345-67
903-1234-567
903-1234-56-7
903-1234-5-67
903-123-4567
903-123-456-7
903-123-45-67
903-123-4-567
903-123-4-56-7
903-12-34567
903-12-3456-7
903-12-345-67
903-12-34-567
903-12-34-56-7
903-12-34-5-67
903-12-3-4567
903-12-3-456-7
903-12-3-45-67
903-1-234567
903-1-23456-7
903-1-2345-67
903-1-234-567
903-1-234-56-7
903-1-234-5-67
903-1-23-4567
903-1-23-456-7
903-1-23-45-67
903-1-23-4-567
903-1-23-4-56-7
(903) 1234567
(903) 123456 7
(903) 12345 67
(903) 1234 567
(903) 1234 56 7
(903) 1234 5 67
(903) 123 4567
(903) 123 456 7
(903) 123 45 67
(903) 123 4 567
(903) 123 4 56 7
(903) 12 34567
(903) 12 3456 7
(903) 12 345 67
(903) 12 34 567
(903) 12 34 56 7
(903) 12 34 5 67
(903) 12 3 4567
(903) 12 3 456 7
(903) 12 3 45 67
(903) 1 234567
(903) 1 23456 7
(903) 1 2345 67
(903) 1 234 567
(903) 1 234 56 7
(903) 1 234 5 67
(903) 1 23 4567
(903) 1 23 456 7
(903) 1 23 45 67
(903) 1 23 4 567
(903) 1 23 4 56 7
(903)1234567
(903)123456 7
(903)12345 67
(903)1234 567
(903)1234 56 7
(903)1234 5 67
(903)123 4567
(903)123 456 7
(903)123 45 67
(903)123 4 567
(903)123 4 56 7
(903)12 34567
(903)12 3456 7
(903)12 345 67
(903)12 34 567
(903)12 34 56 7
(903)12 34 5 67
(903)12 3 4567
(903)12 3 456 7
(903)12 3 45 67
(903)1 234567
(903)1 23456 7
(903)1 2345 67
(903)1 234 567
(903)1 234 56 7
(903)1 234 5 67
(903)1 23 4567
(903)1 23 456 7
(903)1 23 45 67
(903)1 23 4 567
(903)1 23 4 56 7
(903)-1234567
(903)-123456-7
(903)-12345-67
(903)-1234-567
(903)-1234-56-7
(903)-1234-5-67
(903)-123-4567
(903)-123-456-7
(903)-123-45-67
(903)-123-4-567
(903)-123-4-56-7
(903)-12-34567
(903)-12-3456-7
(903)-12-345-67
(903)-12-34-567
(903)-12-34-56-7
(903)-12-34-5-67
(903)-12-3-4567
(903)-12-3-456-7
(903)-12-3-45-67
(903)-1-234567
(903)-1-23456-7
(903)-1-2345-67
(903)-1-234-567
(903)-1-234-56-7
(903)-1-234-5-67
(903)-1-23-4567
(903)-1-23-456-7
(903)-1-23-45-67
(903)-1-23-4-567
(903)-1-23-4-56-7
(903)1234567
(903)123456-7
(903)12345-67
(903)1234-567
(903)1234-56-7
(903)1234-5-67
(903)123-4567
(903)123-456-7
(903)123-45-67
(903)123-4-567
(903)123-4-56-7
(903)12-34567
(903)12-3456-7
(903)12-345-67
(903)12-34-567
(903)12-34-56-7
(903)12-34-5-67
(903)12-3-4567
(903)12-3-456-7
(903)12-3-45-67
(903)1-234567
(903)1-23456-7
(903)1-2345-67
(903)1-234-567
(903)1-234-56-7
(903)1-234-5-67
(903)1-23-4567
(903)1-23-456-7
(903)1-23-45-67
(903)1-23-4-567
(903)1-23-4-56-7
1234567
123456 7
12345 67
1234 567
1234 56 7
1234 5 67
123 4567
123 456 7
123 45 67
123 4 567
123 4 56 7
12 34567
12 3456 7
12 345 67
12 34 567
12 34 56 7
12 34 5 67
12 3 4567
12 3 456 7
12 3 45 67
1 234567
1 23456 7
1 2345 67
1 234 567
1 234 56 7
1 234 5 67
1 23 4567
1 23 456 7
1 23 45 67
1 23 4 567
1 23 4 56 7
123456-7
12345-67
1234-567
1234-56-7
1234-5-67
123-4567
123-456-7
123-45-67
123-4-567
123-4-56-7
12-34567
12-3456-7
12-345-67
12-34-567
12-34-56-7
12-34-5-67
12-3-4567
12-3-456-7
12-3-45-67
1-234567
1-23456-7
1-2345-67
1-234-567
1-234-56-7
1-234-5-67
1-23-4567
1-23-456-7
1-23-45-67
1-23-4-567
1-23-4-56-7